mass_lower
0
0
2.8999999999999998e-07
4.9999999999999998e-07
0.00018000000000000001
0.016
1776.8599999999999
80379
105.65837550000001
0
0.51099894999999995
700
20
20
3.3999999999999999
0.29999999999999999
0.20000000000000001
0.20000000000000001
0.29999999999999999
3.3999999999999999
20
20
700
0.51099894999999995
0
105.65837550000001
0
1776.8599999999999
0
0
0
91187.600000000006
80379
125250
0.00050000000000000001
0.00018000000000000001
0.016
4.9999999999999998e-07
2.8999999999999998e-07
0.029999999999999999
0.0060000000000000001
0.024
0.070000000000000007
0.070000000000000007
0.20000000000000001
0.28999999999999998
